0.00E+00	2.39489E+27
1.00E-09	2.41373E+27
2.00E-09	2.42996E+27
3.00E-09	2.44353E+27
4.00E-09	2.45443E+27
5.00E-09	2.46264E+27
6.00E-09	2.46816E+27
7.00E-09	2.47097E+27
8.00E-09	2.47109E+27
9.00E-09	2.46853E+27
1.00E-08	2.46329E+27
1.10E-08	2.45541E+27
1.20E-08	2.44492E+27
1.30E-08	2.43184E+27
1.40E-08	2.41622E+27
1.50E-08	2.39812E+27
1.60E-08	2.37757E+27
1.70E-08	2.35464E+27
1.80E-08	2.32939E+27
1.90E-08	2.30189E+27
2.00E-08	2.27223E+27
2.10E-08	2.24046E+27
2.20E-08	2.20669E+27
2.30E-08	2.17100E+27
2.40E-08	2.13348E+27
2.50E-08	2.09422E+27
2.60E-08	2.05334E+27
2.70E-08	2.01092E+27
2.80E-08	1.96708E+27
2.90E-08	1.92194E+27
3.00E-08	1.87559E+27
3.10E-08	1.82816E+27
3.20E-08	1.77976E+27
3.30E-08	1.73051E+27
3.40E-08	1.68054E+27
3.50E-08	1.62996E+27
3.60E-08	1.57889E+27
3.70E-08	1.52746E+27
3.80E-08	1.47579E+27
3.90E-08	1.42401E+27
4.00E-08	1.37223E+27
4.10E-08	1.32059E+27
4.20E-08	1.26919E+27
4.30E-08	1.21817E+27
4.40E-08	1.16763E+27
4.50E-08	1.11770E+27
4.60E-08	1.06849E+27
4.70E-08	1.02012E+27
4.80E-08	9.72691E+26
4.90E-08	9.26315E+26
5.00E-08	8.81095E+26
5.10E-08	8.37133E+26
5.20E-08	7.94527E+26
5.30E-08	7.53370E+26
5.40E-08	7.13754E+26
5.50E-08	6.75764E+26
5.60E-08	6.39482E+26
5.70E-08	6.04986E+26
5.80E-08	5.72349E+26
5.90E-08	5.41639E+26
6.00E-08	5.12921E+26
6.10E-08	4.86251E+26
6.20E-08	4.61684E+26
6.30E-08	4.39269E+26
6.40E-08	4.19048E+26
6.50E-08	4.01060E+26
6.60E-08	3.85336E+26
6.70E-08	3.71905E+26
6.80E-08	3.60787E+26
6.90E-08	3.52000E+26
7.00E-08	3.45554E+26
7.10E-08	3.41455E+26
7.20E-08	3.39703E+26
7.30E-08	3.40293E+26
7.40E-08	3.43214E+26
7.50E-08	3.48452E+26
7.60E-08	3.55985E+26
7.70E-08	3.65788E+26
7.80E-08	3.77829E+26
7.90E-08	3.92075E+26
8.00E-08	4.08483E+26
8.10E-08	4.27011E+26
8.20E-08	4.47608E+26
8.30E-08	4.70221E+26
8.40E-08	4.94793E+26
8.50E-08	5.21262E+26
8.60E-08	5.49563E+26
8.70E-08	5.79627E+26
8.80E-08	6.11383E+26
8.90E-08	6.44755E+26
9.00E-08	6.79664E+26
9.10E-08	7.16030E+26
9.20E-08	7.53769E+26
9.30E-08	7.92795E+26
9.40E-08	8.33020E+26
9.50E-08	8.74354E+26
9.60E-08	9.16707E+26
9.70E-08	9.59984E+26
9.80E-08	1.00409E+27
9.90E-08	1.04894E+27
1.00E-07	1.09442E+27
1.01E-07	1.14045E+27
1.02E-07	1.18692E+27
1.03E-07	1.23374E+27
1.04E-07	1.28082E+27
1.05E-07	1.32806E+27
1.06E-07	1.37536E+27
1.07E-07	1.42262E+27
1.08E-07	1.46976E+27
1.09E-07	1.51669E+27
1.10E-07	1.56330E+27
1.11E-07	1.60952E+27
1.12E-07	1.65525E+27
1.13E-07	1.70042E+27
1.14E-07	1.74493E+27
1.15E-07	1.78871E+27
1.16E-07	1.83167E+27
1.17E-07	1.87375E+27
1.18E-07	1.91487E+27
1.19E-07	1.95496E+27
1.20E-07	1.99395E+27
1.21E-07	2.03179E+27
1.22E-07	2.06840E+27
1.23E-07	2.10375E+27
1.24E-07	2.13776E+27
1.25E-07	2.17039E+27
1.26E-07	2.20161E+27
1.27E-07	2.23136E+27
1.28E-07	2.25960E+27
1.29E-07	2.28631E+27
1.30E-07	2.31145E+27
1.31E-07	2.33499E+27
1.32E-07	2.35692E+27
1.33E-07	2.37721E+27
1.34E-07	2.39586E+27
1.35E-07	2.41284E+27
1.36E-07	2.42815E+27
1.37E-07	2.44180E+27
1.38E-07	2.45377E+27
1.39E-07	2.46408E+27
1.40E-07	2.47273E+27
1.41E-07	2.47974E+27
1.42E-07	2.48511E+27
1.43E-07	2.48888E+27
1.44E-07	2.49106E+27
1.45E-07	2.49167E+27
1.46E-07	2.49075E+27
1.47E-07	2.48834E+27
1.48E-07	2.48445E+27
1.49E-07	2.47914E+27
1.50E-07	2.47244E+27
1.51E-07	2.46440E+27
1.52E-07	2.45506E+27
1.53E-07	2.44448E+27
1.54E-07	2.43270E+27
1.55E-07	2.41977E+27
1.56E-07	2.40575E+27
1.57E-07	2.39071E+27
1.58E-07	2.37469E+27
1.59E-07	2.35775E+27
1.60E-07	2.33996E+27
1.61E-07	2.32139E+27
1.62E-07	2.30209E+27
1.63E-07	2.28212E+27
1.64E-07	2.26157E+27
1.65E-07	2.24048E+27
1.66E-07	2.21893E+27
1.67E-07	2.19699E+27
1.68E-07	2.17472E+27
1.69E-07	2.15219E+27
1.70E-07	2.12947E+27
1.71E-07	2.10662E+27
1.72E-07	2.08371E+27
1.73E-07	2.06081E+27
1.74E-07	2.03799E+27
1.75E-07	2.01530E+27
1.76E-07	1.99282E+27
1.77E-07	1.97060E+27
1.78E-07	1.94870E+27
1.79E-07	1.92720E+27
1.80E-07	1.90614E+27
1.81E-07	1.88559E+27
1.82E-07	1.86560E+27
1.83E-07	1.84623E+27
1.84E-07	1.82753E+27
1.85E-07	1.80955E+27
1.86E-07	1.79234E+27
1.87E-07	1.77595E+27
1.88E-07	1.76042E+27
1.89E-07	1.74580E+27
1.90E-07	1.73213E+27
1.91E-07	1.71945E+27
1.92E-07	1.70780E+27
1.93E-07	1.69721E+27
1.94E-07	1.68771E+27
1.95E-07	1.67934E+27
1.96E-07	1.67211E+27
1.97E-07	1.66607E+27
1.98E-07	1.66123E+27
1.99E-07	1.65761E+27
2.00E-07	1.65523E+27
2.01E-07	1.65411E+27
2.02E-07	1.65426E+27
2.03E-07	1.65569E+27
2.04E-07	1.65842E+27
2.05E-07	1.66244E+27
2.06E-07	1.66778E+27
2.07E-07	1.67442E+27
2.08E-07	1.68236E+27
2.09E-07	1.69162E+27
2.10E-07	1.70218E+27
2.11E-07	1.71403E+27
2.12E-07	1.72718E+27
2.13E-07	1.74160E+27
2.14E-07	1.75729E+27
2.15E-07	1.77424E+27
2.16E-07	1.79243E+27
2.17E-07	1.81183E+27
2.18E-07	1.83245E+27
2.19E-07	1.85425E+27
2.20E-07	1.87720E+27
2.21E-07	1.90130E+27
2.22E-07	1.92652E+27
2.23E-07	1.95282E+27
2.24E-07	1.98019E+27
2.25E-07	2.00859E+27
2.26E-07	2.03800E+27
2.27E-07	2.06838E+27
2.28E-07	2.09970E+27
2.29E-07	2.13194E+27
2.30E-07	2.16506E+27
2.31E-07	2.19903E+27
2.32E-07	2.23381E+27
2.33E-07	2.26938E+27
2.34E-07	2.30568E+27
2.35E-07	2.34270E+27
2.36E-07	2.38039E+27
2.37E-07	2.41872E+27
2.38E-07	2.45766E+27
2.39E-07	2.49717E+27
2.40E-07	2.53721E+27
2.41E-07	2.57775E+27
2.42E-07	2.61875E+27
2.43E-07	2.66019E+27
2.44E-07	2.70202E+27
2.45E-07	2.74420E+27
2.46E-07	2.78672E+27
2.47E-07	2.82953E+27
2.48E-07	2.87261E+27
2.49E-07	2.91591E+27
2.50E-07	2.95942E+27
2.51E-07	3.00309E+27
2.52E-07	3.04690E+27
2.53E-07	3.09083E+27
2.54E-07	3.13484E+27
2.55E-07	3.17891E+27
2.56E-07	3.22301E+27
2.57E-07	3.26712E+27
2.58E-07	3.31122E+27
2.59E-07	3.35528E+27
2.60E-07	3.39928E+27
2.61E-07	3.44321E+27
2.62E-07	3.48704E+27
2.63E-07	3.53076E+27
2.64E-07	3.57436E+27
2.65E-07	3.61781E+27
2.66E-07	3.66111E+27
2.67E-07	3.70425E+27
2.68E-07	3.74721E+27
2.69E-07	3.78998E+27
2.70E-07	3.83257E+27
2.71E-07	3.87497E+27
2.72E-07	3.91717E+27
2.73E-07	3.95916E+27
2.74E-07	4.00096E+27
2.75E-07	4.04256E+27
2.76E-07	4.08396E+27
2.77E-07	4.12517E+27
2.78E-07	4.16620E+27
2.79E-07	4.20704E+27
2.80E-07	4.24772E+27
2.81E-07	4.28824E+27
2.82E-07	4.32862E+27
2.83E-07	4.36887E+27
2.84E-07	4.40900E+27
2.85E-07	4.44903E+27
2.86E-07	4.48899E+27
2.87E-07	4.52889E+27
2.88E-07	4.56876E+27
2.89E-07	4.60861E+27
2.90E-07	4.64848E+27
2.91E-07	4.68839E+27
2.92E-07	4.72837E+27
2.93E-07	4.76846E+27
2.94E-07	4.80868E+27
2.95E-07	4.84906E+27
2.96E-07	4.88965E+27
2.97E-07	4.93047E+27
2.98E-07	4.97158E+27
2.99E-07	5.01300E+27
3.00E-07	5.05477E+27
3.01E-07	5.09695E+27
3.02E-07	5.13957E+27
3.03E-07	5.18268E+27
3.04E-07	5.22632E+27
3.05E-07	5.27055E+27
3.06E-07	5.31542E+27
3.07E-07	5.36096E+27
3.08E-07	5.40725E+27
3.09E-07	5.45433E+27
3.10E-07	5.50225E+27
3.11E-07	5.55107E+27
3.12E-07	5.60085E+27
3.13E-07	5.65165E+27
3.14E-07	5.70353E+27
3.15E-07	5.75655E+27
3.16E-07	5.81077E+27
3.17E-07	5.86626E+27
3.18E-07	5.92307E+27
3.19E-07	5.98128E+27
3.20E-07	6.04096E+27
3.21E-07	6.10217E+27
3.22E-07	6.16498E+27
3.23E-07	6.22946E+27
3.24E-07	6.29569E+27
3.25E-07	6.36374E+27
3.26E-07	6.43367E+27
3.27E-07	6.50558E+27
3.28E-07	6.57953E+27
3.29E-07	6.65560E+27
3.30E-07	6.73388E+27
3.31E-07	6.81443E+27
3.32E-07	6.89735E+27
3.33E-07	6.98272E+27
3.34E-07	7.07062E+27
3.35E-07	7.16113E+27
3.36E-07	7.25434E+27
3.37E-07	7.35035E+27
3.38E-07	7.44923E+27
3.39E-07	7.55109E+27
3.40E-07	7.65601E+27
3.41E-07	7.76409E+27
3.42E-07	7.87542E+27
3.43E-07	7.99010E+27
3.44E-07	8.10822E+27
3.45E-07	8.22990E+27
3.46E-07	8.35523E+27
3.47E-07	8.48432E+27
3.48E-07	8.61726E+27
3.49E-07	8.75418E+27
3.50E-07	8.89518E+27
3.51E-07	9.04038E+27
3.52E-07	9.18988E+27
3.53E-07	9.34381E+27
3.54E-07	9.50228E+27
3.55E-07	9.66543E+27
3.56E-07	9.83337E+27
3.57E-07	1.00062E+28
3.58E-07	1.01842E+28
3.59E-07	1.03673E+28
3.60E-07	1.05557E+28
3.61E-07	1.07496E+28
3.62E-07	1.09491E+28
3.63E-07	1.11544E+28
3.64E-07	1.13657E+28
3.65E-07	1.15829E+28
3.66E-07	1.18065E+28
3.67E-07	1.20364E+28
3.68E-07	1.22729E+28
3.69E-07	1.25162E+28
3.70E-07	1.27664E+28
3.71E-07	1.30238E+28
3.72E-07	1.32884E+28
3.73E-07	1.35606E+28
3.74E-07	1.38405E+28